0
232
233
234
235
332
333
334
122
238
239
240
59
60
61
62
407
408
409
410
19
20
21
98
99
139
140
141
142
403
404
405
304
218
219
220
363
25
26
27
137
166
167
168
169
170
597
598
599
600
601
111
112
457
458
459
460
413
359
560
561
562
563
564
591
592
463
337
338
339
468
469
470
229
230
440
296
297
298
299
518
519
76
4
5
6
78
79
174
175
176
177
178
572
573
574
575
576
249
250
355
356
310
311
312
313
368
369
265
266
267
268
224
225
226
274
275
276
277
186
187
188
189
48
49
50
487
488
489
290
291
292
293
570
67
68
69
34
35
549
550
551
93
94
95
96
40
41
42
522
523
524
9
10
11
12
13
128
129
130
131
132
242
243
194
195
196
197
198
283
284
210
211
212
213
214
588
71
72
73
475
476
477
343
344
345
346
347
393
394
395
396
397
422
423
182
